0	5.329167130482953e-06
25	0.13707142159230873
50	0.56770854882356
75	1.2724729627947777
100	2.19603238371355
125	3.279575064577496
150	4.498659026677654
175	5.712865043796097
200	6.902879063541638
225	8.01815601437845
250	9.03690070802622
275	9.888517510434385
300	10.57794898638457
325	11.100207407588867
350	11.4664036710805
375	11.68074771329343
400	11.77363988421623
425	11.77358243046291
450	11.711447981369217
475	11.618903964356587
500	11.52555229870869
525	11.45727765108
550	11.435702074253992
575	11.476204709259031
600	11.588719601029121
625	11.777726958728834
650	12.045273367872689
675	12.381652603232975
700	12.78037509863909
725	13.230272355576828
750	13.721855112230697
775	14.234371591340556
800	14.757473241949674
825	15.278201177433095
850	15.788161441497772
875	16.27148176534963
900	16.724312692364297
925	17.142171877599697
950	17.525317074717854
975	17.870005096508876
1000	18.181365835835575
